1.0 Global and overview maps
01100
01110
01120
01200
01210
01212
01230
01232
01250
01240
01220
1.1 Carbohydrate metabolism
00010
00020
00030
00040
00051
00052
00053
00500
00520
00620
00630
00640
00650
00660
00562
1.2 Energy metabolism
00190
00195
00196
00710
00720
00680
00910
00920
1.3 Lipid metabolism
00061
00062
00071
00073
00100
00120
00121
00140
00561
00564
00565
00600
00590
00591
00592
01040
1.4 Nucleotide metabolism
00230
00240
1.5 Amino acid metabolism
00250
00260
00270
00280
00290
00300
00310
00220
00330
00340
00350
00360
00380
00400
1.6 Metabolism of other amino acids
00410
00430
00440
00450
00460
00470
00480
1.7 Glycan biosynthesis and metabolism
00510
00513
00512
00515
00514
00532
00534
00533
00531
00563
00601
00603
00604
00511
00540
00542
00541
00550
00552
00571
00572
00543
1.8 Metabolism of cofactors and vitamins
00730
00740
00750
00760
00770
00780
00785
00790
00670
00830
00860
00130
1.9 Metabolism of terpenoids and polyketides
00900
00902
00909
00904
00906
00905
00981
00908
00903
00907
01052
00522
01051
01059
01056
01057
00253
00523
01054
01053
01055
1.10 Biosynthesis of other secondary metabolites
00940
00945
00941
00944
00942
00943
00946
00901
00403
00950
00960
00996
00232
00965
00966
00402
00311
00332
00261
00331
00521
00524
00525
00401
00404
00405
00333
00254
00998
00999
00997
1.11 Xenobiotics biodegradation and metabolism
00362
00627
00364
00625
00361
00623
00622
00633
00642
00643
00791
00930
00363
00621
00626
00624
00365
00984
00980
00982
00983
1.12 Chemical structure transformation maps
01010
01060
01061
01062
01063
01064
01065
01066
01070
2. Genetic Information Processing
2.1 Transcription
03020
03022
03040
2.2 Translation
03010
00970
03013
03015
03008
2.3 Folding, sorting and degradation
03060
04141
04130
04120
04122
03050
03018
2.4 Replication and repair
03030
03410
03420
03430
03440
03450
03460
2.5 Chromosome
03082
03083
2.6 Information processing in viruses
03230
03240
03250
03260
03271
03262
03261
03263
03264
03265
03266
03268
03267
03259
03258
3. Environmental Information Processing
3.1 Membrane transport
02010
02060
03070
3.2 Signal transduction
02020
04010
04013
04016
04011
04012
04014
04015
04310
04330
04340
04341
04350
04390
04391
04392
04370
04371
04630
04064
04668
04066
04068
04020
04070
04072
04071
04024
04022
04151
04152
04150
04075
3.3 Signaling molecules and interaction
04080
04060
04061
04512
04514
4. Cellular Processes
4.1 Transport and catabolism
04144
04145
04142
04146
04140
04138
04136
04137
04139
04148
4.2 Cell growth and death
04110
04111
04112
04113
04114
04210
04214
04215
04216
04217
04115
04218
4.3 Cellular community - eukaryotes
04510
04520
04530
04540
04550
4.4 Cellular community - prokaryotes
02024
05111
02025
02026
4.5 Cell motility
02030
02040
04814
04820
04810
5. Organismal Systems
5.1 Immune system
04640
04610
04611
04613
04620
04624
04621
04622
04623
04625
04650
04612
04660
04658
04659
04657
04662
04664
04666
04670
04672
04062
5.2 Endocrine system
04911
04910
04922
04923
04920
03320
04929
04912
04913
04915
04914
04917
04921
04926
04935
04918
04919
04928
04916
04924
04614
04925
04927
5.3 Circulatory system
04260
04261
04270
5.4 Digestive system
04970
04971
04972
04976
04973
04974
04975
04979
04977
04980
04978
5.5 Excretory system
04962
04960
04961
04964
04966
5.6 Nervous system
04724
04727
04725
04728
04726
04720
04730
04723
04721
04722
5.7 Sensory system
04744
04745
04740
04742
04750
5.8 Development and regeneration
04320
04360
04361
04380
5.9 Aging
04211
04212
04213
5.10 Environmental adaptation
04710
04713
04711
04712
04714
04626
6. Human Diseases
6.1 Cancer: overview
05200
05202
05206
05205
05204
05207
05208
05203
05230
05231
05235
6.2 Cancer: specific types
05210
05212
05225
05226
05214
05216
05221
05220
05217
05218
05211
05219
05215
05213
05224
05222
05223
6.3 Infectious disease: viral
05166
05170
05161
05160
05171
05164
05162
05168
05163
05167
05169
05165
6.4 Infectious disease: bacterial
05110
05120
05130
05132
05131
05135
05133
05134
05150
05152
05100
6.5 Infectious disease: parasitic
05146
05144
05145
05140
05142
05143
6.6 Immune disease
05310
05322
05323
05320
05321
05330
05332
05340
6.7 Neurodegenerative disease
05010
05012
05014
05016
05017
05020
05022
6.8 Substance dependence
05030
05031
05032
05033
05034
6.9 Cardiovascular disease
05417
05418
05410
05412
05414
05415
05416
6.10 Endocrine and metabolic disease
04930
04940
04950
04936
04932
04931
04933
04934
6.11 Drug resistance: antimicrobial
01501
01502
01503
6.12 Drug resistance: antineoplastic
01521
01524
01523
01522
7. Drug Development
7.1 Chronology: Antiinfectives
07011
07012
07013
07021
07019
07020
07014
07023
07026
07044
07053
7.2 Chronology: Antineoplastics
07040
07041
07042
07043
07045
7.3 Chronology: Nervous system agents
07032
07030
07033
07015
07039
07028
07029
07031
07027
07056
07057
7.4 Chronology: Other drugs
07055
07016
07017
07018
07037
07038
07046
07047
07048
07049
07050
07051
07052
07054
7.5 Target-based classification: G protein-coupled receptors
07220
07215
07214
07213
07212
07227
07211
07228
07224
07229
7.6 Target-based classification: Nuclear receptors
07225
07226
07223
07222
7.7 Target-based classification: Ion channels
07221
07230
07036
07231
07232
07235
7.8 Target-based classification: Transporters
07233
07234
7.9 Target-based classification: Enzymes
07216
07219
07024
07217
07218
7.10 Structure-based classification
07025
07034
07035
7.11 Skeleton-based classification
07110
07112
07114
07117